0.000000000000000000e+00 2.290610553651888093e-02
4.000000000000000000e+01 2.302254513365237926e-02
8.000000000000000000e+01 2.309406808479148518e-02
1.200000000000000000e+02 2.304568917946062112e-02
1.600000000000000000e+02 2.302108741231873729e-02
2.000000000000000000e+02 2.316943773827879333e-02
2.400000000000000000e+02 2.327542179954071241e-02
2.800000000000000000e+02 2.325436161213587094e-02
3.200000000000000000e+02 2.325375927377419660e-02
3.600000000000000000e+02 2.329312737051759258e-02
4.000000000000000000e+02 2.331166420902242020e-02
4.400000000000000000e+02 2.321524357612024525e-02
4.800000000000000000e+02 2.330310778922983425e-02
5.200000000000000000e+02 2.325195244589706167e-02
5.600000000000000000e+02 2.321064950045714087e-02
6.000000000000000000e+02 2.319976458979107481e-02
6.400000000000000000e+02 2.315241037873494098e-02
6.800000000000000000e+02 2.319126753373824956e-02
7.200000000000000000e+02 2.318138061435115471e-02
7.600000000000000000e+02 2.323041384934773981e-02
8.000000000000000000e+02 2.319107672932071984e-02
8.400000000000000000e+02 2.317876520094057716e-02
8.800000000000000000e+02 2.323146378764210165e-02
9.200000000000000000e+02 2.318359679870667794e-02
9.600000000000000000e+02 2.315597911842025985e-02
1.000000000000000000e+03 2.322366768709034981e-02
1.040000000000000000e+03 2.318762432729804326e-02
1.080000000000000000e+03 2.322280360535301791e-02
1.120000000000000000e+03 2.323653570823284303e-02
1.160000000000000000e+03 2.333177962583032547e-02
1.200000000000000000e+03 2.328435291200080595e-02
1.240000000000000000e+03 2.332179953575968037e-02
1.280000000000000000e+03 2.325920001604180748e-02
1.320000000000000000e+03 2.325386447445817323e-02
1.360000000000000000e+03 2.324277825961824570e-02
1.400000000000000000e+03 2.321979422265187804e-02
1.440000000000000000e+03 2.338545663390516685e-02
1.480000000000000000e+03 2.331180932237604184e-02
1.520000000000000000e+03 2.336645863520713656e-02
1.560000000000000000e+03 2.329824696120448568e-02
1.600000000000000000e+03 2.325730568038646834e-02
1.640000000000000000e+03 2.321633737798966396e-02
1.680000000000000000e+03 2.310752406666472664e-02
1.720000000000000000e+03 2.312579103880890372e-02
1.760000000000000000e+03 2.305732023564302513e-02
1.800000000000000000e+03 2.318101573285520633e-02
1.840000000000000000e+03 2.319973789846893272e-02
1.880000000000000000e+03 2.323009888636530865e-02
1.920000000000000000e+03 2.320070498480082330e-02
1.960000000000000000e+03 2.315636162169439072e-02
2.000000000000000000e+03 2.317145091694398223e-02
2.040000000000000000e+03 2.317089792356071681e-02
2.080000000000000000e+03 2.322566766573729360e-02
2.120000000000000000e+03 2.320470559534333621e-02
2.160000000000000000e+03 2.321845742656900718e-02
2.200000000000000000e+03 2.319300953859231712e-02
2.240000000000000000e+03 2.317596596878727586e-02
2.280000000000000000e+03 2.329560925255417733e-02
2.320000000000000000e+03 2.325094189978601372e-02
2.360000000000000000e+03 2.333619949787076389e-02
2.400000000000000000e+03 2.336791251438075437e-02
2.440000000000000000e+03 2.327368185733470415e-02
2.480000000000000000e+03 2.338028613701473302e-02
2.520000000000000000e+03 2.329186282835703226e-02
2.560000000000000000e+03 2.315382138213150157e-02
2.600000000000000000e+03 2.317347673666486987e-02
2.640000000000000000e+03 2.322754861837003984e-02
2.680000000000000000e+03 2.315607116350813094e-02
2.720000000000000000e+03 2.315998477934960373e-02
2.760000000000000000e+03 2.320448786748841030e-02
2.800000000000000000e+03 2.323163261010685599e-02
2.840000000000000000e+03 2.320074605182234975e-02
2.880000000000000000e+03 2.318449077282137144e-02
2.920000000000000000e+03 2.317550086175229965e-02
2.960000000000000000e+03 2.317936775954235543e-02
3.000000000000000000e+03 2.312030648799841964e-02
3.040000000000000000e+03 2.319566305942180953e-02
3.080000000000000000e+03 2.316484744297618928e-02
3.120000000000000000e+03 2.318895962649130532e-02
3.160000000000000000e+03 2.315312608360258276e-02
3.200000000000000000e+03 2.319383241397890774e-02
3.240000000000000000e+03 2.321210460818859400e-02
3.280000000000000000e+03 2.316751295055171495e-02
3.320000000000000000e+03 2.321686375547189762e-02
3.360000000000000000e+03 2.323294621505240382e-02
3.400000000000000000e+03 2.315941801077999948e-02
3.440000000000000000e+03 2.308845622107436393e-02
3.480000000000000000e+03 2.306035661988572322e-02
3.520000000000000000e+03 2.305858174909524924e-02
3.560000000000000000e+03 2.320748301096340824e-02
3.600000000000000000e+03 2.315918885591253598e-02
3.640000000000000000e+03 2.315718394424410437e-02
3.680000000000000000e+03 2.322051409968777652e-02
3.720000000000000000e+03 2.333885056267815533e-02
3.760000000000000000e+03 2.336428440283568747e-02
3.800000000000000000e+03 2.330644961966453141e-02
3.840000000000000000e+03 2.326267170201375134e-02
3.880000000000000000e+03 2.311270299351401297e-02
3.920000000000000000e+03 2.320045858572467035e-02
3.960000000000000000e+03 2.315357188785554035e-02
4.000000000000000000e+03 2.321708377188336572e-02
4.040000000000000000e+03 2.323295033316981686e-02
4.080000000000000000e+03 2.326050435677488176e-02
4.120000000000000000e+03 2.321750531030111059e-02
4.160000000000000000e+03 2.322866416307063989e-02
4.200000000000000000e+03 2.315836639096846214e-02
4.240000000000000000e+03 2.323715775266588582e-02
4.280000000000000000e+03 2.325853758254019590e-02
4.320000000000000000e+03 2.316551683305158316e-02
4.360000000000000000e+03 2.325799693269550369e-02
4.400000000000000000e+03 2.330108409630612248e-02
4.440000000000000000e+03 2.337950210643299429e-02
4.480000000000000000e+03 2.344879516590435767e-02
4.520000000000000000e+03 2.338367308600277500e-02
4.560000000000000000e+03 2.350881302483516511e-02
4.600000000000000000e+03 2.352126037720476959e-02
4.640000000000000000e+03 2.344423399946948469e-02
4.680000000000000000e+03 2.343515260374840620e-02
4.720000000000000000e+03 2.328062251225113469e-02
4.760000000000000000e+03 2.326754867324894865e-02
4.800000000000000000e+03 2.329520143412505684e-02
4.840000000000000000e+03 2.323878511251144946e-02
4.880000000000000000e+03 2.326485803363741514e-02
4.920000000000000000e+03 2.313954546590023253e-02
4.960000000000000000e+03 2.324032204385468800e-02
5.000000000000000000e+03 2.339646432642523283e-02
5.200000000000000000e+03 2.327289669544824538e-02
5.400000000000000000e+03 2.333999344880402504e-02
5.600000000000000000e+03 2.319882837704220074e-02
5.800000000000000000e+03 2.306583711635505282e-02
6.000000000000000000e+03 2.319516432356079350e-02
6.200000000000000000e+03 2.309304883760858809e-02
6.400000000000000000e+03 2.308058305801525059e-02
6.600000000000000000e+03 2.303571139841699769e-02
6.800000000000000000e+03 2.317560125772618815e-02
7.000000000000000000e+03 2.322366151484992966e-02
7.200000000000000000e+03 2.324965306537483956e-02
7.400000000000000000e+03 2.334429793901152475e-02
7.600000000000000000e+03 2.318583186327165951e-02
7.800000000000000000e+03 2.321067005155605031e-02
8.000000000000000000e+03 2.333813579624927081e-02
8.200000000000000000e+03 2.324615228134526909e-02
8.400000000000000000e+03 2.318925706430466707e-02
8.600000000000000000e+03 2.308502617126055936e-02
8.800000000000000000e+03 2.295723647221651134e-02
9.000000000000000000e+03 2.305311889059679514e-02
9.200000000000000000e+03 2.313664542824338255e-02
9.400000000000000000e+03 2.314571352588229436e-02
9.600000000000000000e+03 2.325472468046753741e-02
9.800000000000000000e+03 2.312417742555811576e-02
1.000000000000000000e+04 2.301645668223901986e-02
1.020000000000000000e+04 2.298539957500369407e-02
1.040000000000000000e+04 2.310063533268187641e-02
1.060000000000000000e+04 2.323367926295038036e-02
1.080000000000000000e+04 2.312417334591114829e-02
1.100000000000000000e+04 2.322224610102718856e-02
1.120000000000000000e+04 2.317545578629185560e-02
1.140000000000000000e+04 2.324558334891793990e-02
1.160000000000000000e+04 2.308081269212255635e-02
1.180000000000000000e+04 2.309996561581961413e-02
1.200000000000000000e+04 2.299207051425532222e-02
1.220000000000000000e+04 2.293910423175999844e-02
1.240000000000000000e+04 2.299138892918455024e-02
1.260000000000000000e+04 2.292819972471536391e-02
1.280000000000000000e+04 2.293787984213407558e-02
1.300000000000000000e+04 2.283367765373649216e-02
1.320000000000000000e+04 2.296796939753589090e-02
1.340000000000000000e+04 2.296906216000694709e-02
1.360000000000000000e+04 2.287370459358827046e-02
1.380000000000000000e+04 2.300188941835344322e-02
1.400000000000000000e+04 2.273984295573544534e-02
1.420000000000000000e+04 2.291429072418945181e-02
1.440000000000000000e+04 2.282221544316245798e-02
1.460000000000000000e+04 2.291922308044381032e-02
1.480000000000000000e+04 2.295392167292955796e-02
1.500000000000000000e+04 2.297948182909466050e-02
1.520000000000000000e+04 2.296351691223110641e-02
1.540000000000000000e+04 2.293182605284771816e-02
1.560000000000000000e+04 2.297295106425957176e-02
1.580000000000000000e+04 2.298749378056336862e-02
1.600000000000000000e+04 2.307721426163108699e-02
1.620000000000000000e+04 2.293574249155496542e-02
1.640000000000000000e+04 2.288293524203698776e-02
1.660000000000000000e+04 2.292540253957881663e-02
1.680000000000000000e+04 2.299785149618857605e-02
1.700000000000000000e+04 2.306770444820462410e-02
1.720000000000000000e+04 2.311668146379782310e-02
1.740000000000000000e+04 2.308234709036899659e-02
1.760000000000000000e+04 2.304376869135033382e-02
1.780000000000000000e+04 2.305413664349591565e-02
1.800000000000000000e+04 2.304356207562592920e-02
1.820000000000000000e+04 2.288476308686596822e-02
1.840000000000000000e+04 2.296147333084049003e-02
1.860000000000000000e+04 2.294235250832209888e-02
1.880000000000000000e+04 2.282667093923691076e-02
1.900000000000000000e+04 2.292016491704966172e-02
1.920000000000000000e+04 2.295096348537640357e-02
1.940000000000000000e+04 2.303663044286354336e-02
1.960000000000000000e+04 2.313657395762119470e-02
1.980000000000000000e+04 2.304443717937368699e-02
2.000000000000000000e+04 2.279534649502330118e-02
2.020000000000000000e+04 2.299837810128799870e-02
2.040000000000000000e+04 2.321510583018463261e-02
2.060000000000000000e+04 2.309250161426579240e-02
2.080000000000000000e+04 2.295512164435113342e-02
2.100000000000000000e+04 2.297807789479349577e-02
2.120000000000000000e+04 2.303710213952481212e-02
2.140000000000000000e+04 2.304285110276828308e-02
2.160000000000000000e+04 2.282856336209952014e-02
2.180000000000000000e+04 2.292365439484889481e-02
2.200000000000000000e+04 2.287055952885307455e-02
2.220000000000000000e+04 2.278653891889110411e-02
2.240000000000000000e+04 2.289483445254066746e-02
2.260000000000000000e+04 2.307416937470518556e-02
2.280000000000000000e+04 2.296672582752632211e-02
2.300000000000000000e+04 2.303109704154987503e-02
2.320000000000000000e+04 2.319696849431814034e-02
2.340000000000000000e+04 2.306842913557806060e-02
2.360000000000000000e+04 2.299433536078161755e-02
2.380000000000000000e+04 2.281277165028573750e-02
2.400000000000000000e+04 2.280680752023296967e-02
2.420000000000000000e+04 2.290943256629183675e-02
2.440000000000000000e+04 2.272873880054019496e-02
2.460000000000000000e+04 2.281933281759793500e-02
2.480000000000000000e+04 2.268747147773811715e-02
2.500000000000000000e+04 2.265319144670575532e-02
2.520000000000000000e+04 2.286838882123254021e-02
2.540000000000000000e+04 2.291703310863665508e-02
2.560000000000000000e+04 2.267988506403461474e-02
2.580000000000000000e+04 2.285025518518282728e-02
2.600000000000000000e+04 2.281301980979519306e-02
2.620000000000000000e+04 2.282454035121080430e-02
2.640000000000000000e+04 2.264834943621900701e-02
2.660000000000000000e+04 2.257389643498220258e-02
2.680000000000000000e+04 2.269368964208250128e-02
2.700000000000000000e+04 2.272552117535635297e-02
2.720000000000000000e+04 2.295959500501987272e-02
2.740000000000000000e+04 2.297249809617034344e-02
2.760000000000000000e+04 2.287055354287945153e-02
2.780000000000000000e+04 2.294967152722331843e-02
2.800000000000000000e+04 2.284267298939140003e-02
2.820000000000000000e+04 2.277571958020820769e-02
2.840000000000000000e+04 2.276125970110738639e-02
2.860000000000000000e+04 2.284531861996650856e-02
2.880000000000000000e+04 2.284537237502057630e-02
2.900000000000000000e+04 2.265574245686516677e-02
2.920000000000000000e+04 2.270068767815013738e-02
2.940000000000000000e+04 2.277678423023263982e-02
2.960000000000000000e+04 2.258675485482023598e-02
2.980000000000000000e+04 2.267970061936941742e-02
3.000000000000000000e+04 2.263314403884683981e-02
3.020000000000000000e+04 2.265803944481994958e-02
3.040000000000000000e+04 2.273416333935775538e-02
3.060000000000000000e+04 2.263936178251810954e-02
3.080000000000000000e+04 2.300511916204864282e-02
3.100000000000000000e+04 2.287070718386096518e-02
3.120000000000000000e+04 2.303349910978738299e-02
3.140000000000000000e+04 2.277582445766840324e-02
3.160000000000000000e+04 2.289513239130567743e-02
3.180000000000000000e+04 2.284530866535462376e-02
3.200000000000000000e+04 2.276719805240683472e-02
3.220000000000000000e+04 2.277026332720639978e-02
3.240000000000000000e+04 2.279815366820382716e-02
3.260000000000000000e+04 2.285518392109074648e-02
3.280000000000000000e+04 2.278415837660090204e-02
3.300000000000000000e+04 2.291783852078948733e-02
3.320000000000000000e+04 2.308351987398742436e-02
3.340000000000000000e+04 2.320199045151850187e-02
3.360000000000000000e+04 2.315247581277074529e-02
3.380000000000000000e+04 2.301164399158060758e-02
3.400000000000000000e+04 2.285476547370168462e-02
3.420000000000000000e+04 2.283534248004899861e-02
3.440000000000000000e+04 2.302945412926728913e-02
3.460000000000000000e+04 2.304012712570142549e-02
3.480000000000000000e+04 2.293455257132708328e-02
3.500000000000000000e+04 2.308401991849124563e-02
3.520000000000000000e+04 2.300812363776985614e-02
3.540000000000000000e+04 2.283966778696719380e-02
3.560000000000000000e+04 2.282626744847515016e-02
3.580000000000000000e+04 2.292036531780384384e-02
3.600000000000000000e+04 2.266653235621035253e-02
3.620000000000000000e+04 2.286054339486534234e-02
3.640000000000000000e+04 2.276678875236705368e-02
3.660000000000000000e+04 2.275672697387981849e-02
3.680000000000000000e+04 2.271582061621204088e-02
3.700000000000000000e+04 2.272583442522132027e-02
3.720000000000000000e+04 2.285504244430661483e-02
3.740000000000000000e+04 2.275053937760250847e-02
3.760000000000000000e+04 2.303852139489641349e-02
3.780000000000000000e+04 2.302579483850260983e-02
3.800000000000000000e+04 2.275127191763981135e-02
3.820000000000000000e+04 2.283262955429495381e-02
3.840000000000000000e+04 2.278669143314662748e-02
3.860000000000000000e+04 2.281737638469784682e-02
3.880000000000000000e+04 2.284658889962417824e-02
3.900000000000000000e+04 2.283738754518033903e-02
3.920000000000000000e+04 2.287072514203250528e-02
3.940000000000000000e+04 2.276434709897945732e-02
3.960000000000000000e+04 2.298908837386734461e-02
3.980000000000000000e+04 2.296627310489304449e-02
4.000000000000000000e+04 2.309961550574379796e-02
4.020000000000000000e+04 2.295150402113600371e-02
4.040000000000000000e+04 2.307679983351576189e-02
4.060000000000000000e+04 2.310347340889307155e-02
4.080000000000000000e+04 2.297245380691585390e-02
4.100000000000000000e+04 2.301319749076224941e-02
4.120000000000000000e+04 2.302562899438808167e-02
4.140000000000000000e+04 2.306487515251189405e-02
4.160000000000000000e+04 2.297488996953730642e-02
4.180000000000000000e+04 2.310467684970326022e-02
4.200000000000000000e+04 2.301133493288375423e-02
4.220000000000000000e+04 2.288731856375580270e-02
4.240000000000000000e+04 2.291082812456574080e-02
4.260000000000000000e+04 2.294769268208773916e-02
4.280000000000000000e+04 2.278702023705823573e-02
4.300000000000000000e+04 2.284987077738408201e-02
4.320000000000000000e+04 2.266019194741297413e-02
4.340000000000000000e+04 2.289606424984435770e-02
4.360000000000000000e+04 2.291046970815247691e-02
4.380000000000000000e+04 2.283751686608606613e-02
4.400000000000000000e+04 2.268195929198133995e-02
4.420000000000000000e+04 2.264249247075626748e-02
4.440000000000000000e+04 2.278538621483438761e-02
4.460000000000000000e+04 2.277136109403714651e-02
4.480000000000000000e+04 2.275198475794771094e-02
4.500000000000000000e+04 2.285244834958220436e-02
4.520000000000000000e+04 2.287136566859204051e-02
4.540000000000000000e+04 2.298710675714519397e-02
4.560000000000000000e+04 2.292533036318962145e-02
4.580000000000000000e+04 2.299497072734191239e-02
4.600000000000000000e+04 2.302044858015071110e-02
4.620000000000000000e+04 2.285893070424470722e-02
4.640000000000000000e+04 2.269105151432369155e-02
4.660000000000000000e+04 2.295861976432522766e-02
4.680000000000000000e+04 2.290592139703192393e-02
4.700000000000000000e+04 2.284441477657450648e-02
4.720000000000000000e+04 2.267627324154948901e-02
4.740000000000000000e+04 2.293313807132399754e-02
4.760000000000000000e+04 2.280242919494492038e-02
4.780000000000000000e+04 2.281340297868144490e-02
4.800000000000000000e+04 2.288066832108347909e-02
4.820000000000000000e+04 2.301555743305383483e-02
4.840000000000000000e+04 2.284571880254842452e-02
4.860000000000000000e+04 2.280500004219217225e-02
4.880000000000000000e+04 2.263735984744237595e-02
4.900000000000000000e+04 2.273203027214370717e-02
4.920000000000000000e+04 2.279520179367517871e-02
4.940000000000000000e+04 2.260492473547580025e-02
4.960000000000000000e+04 2.273473708840749799e-02
4.980000000000000000e+04 2.267827225588355325e-02
5.000000000000000000e+04 2.275431907953612970e-02
5.020000000000000000e+04 2.310587023291144418e-02
5.040000000000000000e+04 2.291137478124882776e-02
5.060000000000000000e+04 2.290217320082996513e-02
5.080000000000000000e+04 2.279531874393744828e-02
5.100000000000000000e+04 2.295099965426064537e-02
5.120000000000000000e+04 2.294685102298991974e-02
5.140000000000000000e+04 2.276227358769081222e-02
5.160000000000000000e+04 2.284973334975518369e-02
5.180000000000000000e+04 2.283438572223727217e-02
5.200000000000000000e+04 2.279244885362617656e-02
5.220000000000000000e+04 2.291987033430289977e-02
5.240000000000000000e+04 2.280277828833548667e-02
5.260000000000000000e+04 2.297217398330139368e-02
5.280000000000000000e+04 2.285693359566584593e-02
5.300000000000000000e+04 2.280181632388209728e-02
5.320000000000000000e+04 2.271919695182258656e-02
5.340000000000000000e+04 2.284449440748051105e-02
5.360000000000000000e+04 2.293975260903545130e-02
5.380000000000000000e+04 2.283538624219896493e-02
5.400000000000000000e+04 2.275915316127662125e-02
5.420000000000000000e+04 2.255336619383382230e-02
5.440000000000000000e+04 2.262471713062135306e-02
5.460000000000000000e+04 2.256956043494342048e-02
5.480000000000000000e+04 2.293870478536922525e-02
5.500000000000000000e+04 2.283453092148478303e-02
5.520000000000000000e+04 2.264157918243328918e-02
5.540000000000000000e+04 2.260813949597399383e-02
5.560000000000000000e+04 2.262792775746794854e-02
5.580000000000000000e+04 2.264997951821271990e-02
5.600000000000000000e+04 2.262657035574374559e-02
5.620000000000000000e+04 2.254916415221029993e-02
5.640000000000000000e+04 2.250242862686891929e-02
5.660000000000000000e+04 2.252051720627513270e-02
5.680000000000000000e+04 2.247964908477478527e-02
5.700000000000000000e+04 2.242396890152457273e-02
5.720000000000000000e+04 2.231585191299283177e-02
5.740000000000000000e+04 2.245178216331019869e-02
5.760000000000000000e+04 2.267239784495288235e-02
5.780000000000000000e+04 2.269088063665758090e-02
5.800000000000000000e+04 2.246323323376676201e-02
5.820000000000000000e+04 2.235454185358058329e-02
5.840000000000000000e+04 2.228519668847064178e-02
5.860000000000000000e+04 2.226154633437395572e-02
5.880000000000000000e+04 2.245146680849569726e-02
5.900000000000000000e+04 2.261687796942290357e-02
5.920000000000000000e+04 2.253066548333917257e-02
5.940000000000000000e+04 2.249974594403078218e-02
5.960000000000000000e+04 2.259612537615458133e-02
5.980000000000000000e+04 2.252160650300390893e-02
6.000000000000000000e+04 2.249506388735786344e-02
