# This file was created Fri Mar  2 12:24:35 2018
# by the following command:
# g_wham -it tpr-files.dat -if pullf-files.dat -b 2000 -o -hist -unit kCal 
#
# g_wham is part of G R O M A C S:
#
# Great Red Owns Many ACres of Sand 
#
#    title "Umbrella potential"
#    xaxis  label "z"
#    yaxis  label "E (kcal mol\S-1\N)"
#TYPE xy
9.113942e-03	0.000000e+00
2.731600e-02	-9.810999e-02
4.551806e-02	-2.119372e-01
6.372012e-02	-3.941969e-01
8.192218e-02	-6.236969e-01
1.001242e-01	-9.630554e-01
1.183263e-01	-1.399769e+00
1.365284e-01	-1.761348e+00
1.547304e-01	-2.175729e+00
1.729325e-01	-2.480003e+00
1.911345e-01	-2.799300e+00
2.093366e-01	-3.061685e+00
2.275387e-01	-3.334474e+00
2.457407e-01	-3.581367e+00
2.639428e-01	-3.812747e+00
2.821448e-01	-4.097258e+00
3.003469e-01	-4.386916e+00
3.185490e-01	-4.670542e+00
3.367510e-01	-4.940626e+00
3.549531e-01	-5.221372e+00
3.731552e-01	-5.572609e+00
3.913572e-01	-5.832617e+00
4.095593e-01	-6.178103e+00
4.277613e-01	-6.473578e+00
4.459634e-01	-6.777627e+00
4.641655e-01	-7.085940e+00
4.823675e-01	-7.305287e+00
5.005696e-01	-7.454470e+00
5.187716e-01	-7.654097e+00
5.369737e-01	-7.867127e+00
5.551758e-01	-8.077037e+00
5.733778e-01	-8.377509e+00
5.915799e-01	-8.622269e+00
6.097819e-01	-8.856806e+00
6.279840e-01	-9.073479e+00
6.461861e-01	-9.352880e+00
6.643881e-01	-9.596201e+00
6.825902e-01	-9.838677e+00
7.007922e-01	-1.005482e+01
7.189943e-01	-1.025169e+01
7.371964e-01	-1.048497e+01
7.553984e-01	-1.071851e+01
7.736005e-01	-1.094180e+01
7.918025e-01	-1.113834e+01
8.100046e-01	-1.131079e+01
8.282067e-01	-1.152954e+01
8.464087e-01	-1.173053e+01
8.646108e-01	-1.197707e+01
8.828128e-01	-1.218460e+01
9.010149e-01	-1.238138e+01
9.192170e-01	-1.255302e+01
9.374190e-01	-1.273362e+01
9.556211e-01	-1.294874e+01
9.738231e-01	-1.311483e+01
9.920252e-01	-1.333740e+01
1.010227e+00	-1.356160e+01
1.028429e+00	-1.377241e+01
1.046631e+00	-1.401091e+01
1.064833e+00	-1.421373e+01
1.083036e+00	-1.438882e+01
1.101238e+00	-1.455447e+01
1.119440e+00	-1.470597e+01
1.137642e+00	-1.484649e+01
1.155844e+00	-1.504513e+01
1.174046e+00	-1.517808e+01
1.192248e+00	-1.534073e+01
1.210450e+00	-1.550308e+01
1.228652e+00	-1.566675e+01
1.246854e+00	-1.586423e+01
1.265056e+00	-1.603050e+01
1.283258e+00	-1.617946e+01
1.301460e+00	-1.638093e+01
1.319662e+00	-1.654672e+01
1.337864e+00	-1.673247e+01
1.356066e+00	-1.689534e+01
1.374268e+00	-1.706545e+01
1.392471e+00	-1.713060e+01
1.410673e+00	-1.720426e+01
1.428875e+00	-1.729758e+01
1.447077e+00	-1.740758e+01
1.465279e+00	-1.749538e+01
1.483481e+00	-1.759011e+01
1.501683e+00	-1.778887e+01
1.519885e+00	-1.800532e+01
1.538087e+00	-1.826499e+01
1.556289e+00	-1.852664e+01
1.574491e+00	-1.873865e+01
1.592693e+00	-1.885788e+01
1.610895e+00	-1.890411e+01
1.629097e+00	-1.900432e+01
1.647299e+00	-1.910063e+01
1.665501e+00	-1.922686e+01
1.683704e+00	-1.932749e+01
1.701906e+00	-1.944519e+01
1.720108e+00	-1.954623e+01
1.738310e+00	-1.966451e+01
1.756512e+00	-1.977508e+01
1.774714e+00	-1.978484e+01
1.792916e+00	-1.977855e+01
1.811118e+00	-1.980627e+01
1.829320e+00	-1.981981e+01
1.847522e+00	-1.986493e+01
1.865724e+00	-1.992570e+01
1.883926e+00	-1.999020e+01
1.902128e+00	-2.007135e+01
1.920330e+00	-2.019329e+01
1.938532e+00	-2.029624e+01
1.956734e+00	-2.042180e+01
1.974936e+00	-2.051621e+01
1.993139e+00	-2.059689e+01
2.011341e+00	-2.070513e+01
2.029543e+00	-2.085343e+01
2.047745e+00	-2.100209e+01
2.065947e+00	-2.110376e+01
2.084149e+00	-2.120812e+01
2.102351e+00	-2.128524e+01
2.120553e+00	-2.136892e+01
2.138755e+00	-2.148249e+01
2.156957e+00	-2.161331e+01
2.175159e+00	-2.167507e+01
2.193361e+00	-2.173266e+01
2.211563e+00	-2.177962e+01
2.229765e+00	-2.182821e+01
2.247967e+00	-2.192148e+01
2.266169e+00	-2.199399e+01
2.284372e+00	-2.204723e+01
2.302574e+00	-2.211197e+01
2.320776e+00	-2.220019e+01
2.338978e+00	-2.226385e+01
2.357180e+00	-2.228939e+01
2.375382e+00	-2.234894e+01
2.393584e+00	-2.243551e+01
2.411786e+00	-2.251316e+01
2.429988e+00	-2.259109e+01
2.448190e+00	-2.269033e+01
2.466392e+00	-2.268398e+01
2.484594e+00	-2.269541e+01
2.502796e+00	-2.269728e+01
2.520998e+00	-2.274124e+01
2.539200e+00	-2.272666e+01
2.557402e+00	-2.273153e+01
2.575604e+00	-2.272040e+01
2.593807e+00	-2.273151e+01
2.612009e+00	-2.275800e+01
2.630211e+00	-2.273523e+01
2.648413e+00	-2.276492e+01
2.666615e+00	-2.274100e+01
2.684817e+00	-2.273483e+01
2.703019e+00	-2.271843e+01
2.721221e+00	-2.267713e+01
2.739423e+00	-2.268549e+01
2.757625e+00	-2.272163e+01
2.775827e+00	-2.275714e+01
2.794029e+00	-2.269769e+01
2.812231e+00	-2.273290e+01
2.830433e+00	-2.272337e+01
2.848635e+00	-2.272100e+01
2.866837e+00	-2.272577e+01
2.885039e+00	-2.269833e+01
2.903242e+00	-2.271101e+01
2.921444e+00	-2.272887e+01
2.939646e+00	-2.273947e+01
2.957848e+00	-2.271290e+01
2.976050e+00	-2.272088e+01
2.994252e+00	-2.264968e+01
3.012454e+00	-2.268153e+01
3.030656e+00	-2.269008e+01
3.048858e+00	-2.267167e+01
3.067060e+00	-2.267568e+01
3.085262e+00	-2.268438e+01
3.103464e+00	-2.265671e+01
3.121666e+00	-2.270099e+01
3.139868e+00	-2.269055e+01
3.158070e+00	-2.269968e+01
3.176272e+00	-2.268215e+01
3.194475e+00	-2.266759e+01
3.212677e+00	-2.266408e+01
3.230879e+00	-2.270399e+01
3.249081e+00	-2.271630e+01
3.267283e+00	-2.268321e+01
3.285485e+00	-2.268639e+01
3.303687e+00	-2.266959e+01
3.321889e+00	-2.268006e+01
3.340091e+00	-2.266369e+01
3.358293e+00	-2.268561e+01
3.376495e+00	-2.263739e+01
3.394697e+00	-2.265368e+01
3.412899e+00	-2.266815e+01
3.431101e+00	-2.267896e+01
3.449303e+00	-2.267392e+01
3.467505e+00	-2.267852e+01
3.485707e+00	-2.263933e+01
3.503910e+00	-2.267791e+01
3.522112e+00	-2.264817e+01
3.540314e+00	-2.270391e+01
3.558516e+00	-2.269664e+01
3.576718e+00	-2.274659e+01
3.594920e+00	-2.275017e+01
3.613122e+00	-2.254696e+01
3.631324e+00	-2.306750e+01
